
%Declare torque and RPM points for loss tables

Torque_points=[0	20	40	60	80	100	120	140	160	180	200	220	240	260	280	300	320	340	360	390	420	450]*Number_of_Motors;
RPM_points=[0 200 400 600 800 1000 1200 1400 1600 1800 2000 2200 2400 2500 2750 3000 3250 3500 3750 4000 4250 4500 4750 5000 5250 5500 5750 6000 6250 6500 6750 7000]';


Drive_semiconductor_loss_data = [35.5	169.9	305.7	441.4	576.4	710.5	844.1	978.5	1114.7	1253.6	1395.8	1540.8	1688.3	1840.2	1996.3	2156.1	2320.4	2492.5	2671.0	2948.7	3246.9	3570.8
35.5	169.9	305.7	441.4	576.4	710.5	844.1	978.5	1114.7	1253.6	1395.8	1540.8	1688.3	1840.2	1996.3	2156.1	2320.4	2492.5	2671.0	2948.7	3246.9	3570.8
35.5	169.9	305.7	441.4	576.4	710.5	844.1	978.5	1114.7	1253.6	1395.8	1540.8	1688.3	1840.2	1996.3	2156.1	2320.4	2492.5	2671.0	2948.7	3246.9	3570.8
35.5	169.9	305.7	441.4	576.4	710.5	844.1	978.5	1114.7	1253.6	1395.8	1540.8	1688.3	1840.2	1996.3	2156.1	2320.4	2492.5	2671.0	2948.7	3246.9	3570.8
35.5	169.9	305.7	441.4	576.4	710.5	844.1	978.5	1114.7	1253.6	1395.8	1540.8	1688.3	1840.2	1996.3	2156.1	2320.4	2492.5	2671.0	2948.7	3246.9	3570.8
35.5	169.9	305.7	441.4	576.4	710.5	844.1	978.5	1114.7	1253.6	1395.8	1540.8	1688.3	1840.2	1996.3	2156.1	2320.4	2492.5	2671.0	2948.7	3246.9	3570.8
35.5	169.9	305.7	441.4	576.4	710.5	844.1	978.5	1114.7	1253.6	1395.8	1540.8	1688.3	1840.2	1996.3	2156.1	2320.4	2492.5	2671.0	2948.7	3246.9	3570.8
35.5	169.9	305.7	441.4	576.4	710.5	844.1	978.5	1114.7	1253.6	1395.8	1540.8	1688.3	1840.2	1996.3	2156.1	2320.4	2492.5	2671.0	2948.7	3246.9	3570.8
35.5	169.9	305.7	441.4	576.4	710.5	844.1	978.5	1114.7	1253.6	1395.8	1540.8	1688.3	1840.2	1996.3	2156.1	2320.4	2492.5	2671.0	2948.7	3246.9	3570.8
35.5	169.9	305.7	441.4	576.4	710.5	844.1	978.5	1114.7	1253.6	1395.8	1540.8	1688.3	1840.2	1996.3	2156.1	2320.4	2492.5	2671.0	2948.7	3246.9	3570.8
35.5	169.9	305.7	441.4	576.4	710.5	844.1	978.5	1114.7	1253.6	1395.8	1540.8	1688.3	1840.2	1996.3	2156.1	2320.4	2492.5	2671.0	2948.7	3246.9	3570.8
35.5	169.9	305.7	441.4	576.4	710.5	844.1	978.5	1114.7	1253.6	1395.8	1540.8	1688.3	1840.2	1996.3	2156.1	2320.4	2492.5	2671.0	2948.7	3246.9	3570.8
35.5	169.9	305.7	441.4	576.4	710.5	844.1	978.5	1114.7	1253.6	1395.8	1540.8	1688.3	1840.2	1996.3	2156.1	2320.4	2492.5	2671.0	2948.7	3246.9	3570.8
35.5	169.9	305.7	441.4	576.4	710.5	844.1	978.5	1114.7	1253.6	1395.8	1540.8	1688.3	1840.2	1996.3	2156.1	2320.4	2492.5	2671.0	2948.7	3246.9	3570.8
35.5	169.9	305.7	441.4	576.4	710.5	844.1	978.5	1114.7	1253.6	1395.8	1540.8	1688.3	1840.2	1996.3	2156.1	2323.0	2498.6	2686.2	2989.8	3333.2	3570.8
35.5	169.9	305.7	441.4	576.4	710.5	844.1	978.5	1114.7	1253.6	1396.4	1545.3	1700.5	1863.7	2034.3	2214.7	2405.2	2609.3	2828.7	3199.8	3333.2	3570.8
35.5	169.9	305.7	441.4	576.4	710.5	844.6	983.7	1128.8	1279.8	1437.3	1601.5	1773.4	1953.9	2144.7	2347.8	2566.6	2805.3	3073.1	3566.0	3333.2	3570.8
35.5	169.9	305.7	442.0	582.2	726.5	874.9	1027.6	1185.2	1348.4	1518.3	1696.1	1883.0	2081.5	2293.7	2524.4	2779.8	3072.5	3430.1	3566.0	3333.2	3570.8
131.7	207.2	337.9	480.3	628.2	780.5	937.0	1098.3	1265.0	1438.4	1619.6	1810.5	2013.4	2231.8	2470.3	2738.0	3051.4	3457.0	3430.1	3566.0	3333.2	3570.8
271.1	316.2	422.0	554.9	700.8	854.7	1015.3	1182.4	1356.6	1539.0	1731.3	1936.2	2157.1	2399.7	2674.0	3000.5	3445.4	3457.0	3430.1	3566.0	3333.2	3570.8
397.0	431.7	521.0	643.4	784.7	938.1	1100.9	1272.6	1453.3	1644.6	1848.7	2069.1	2311.7	2586.9	2916.2	3377.4	3445.4	3457.0	3430.1	3566.0	3333.2	3570.8
511.3	540.9	620.5	734.6	871.8	1024.0	1188.6	1364.4	1551.9	1752.4	1969.4	2208.3	2478.5	2801.5	3246.2	3377.4	3445.4	3457.0	3430.1	3566.0	3333.2	3570.8
615.5	642.1	715.2	824.0	957.7	1109.5	1276.1	1456.1	1650.3	1861.1	2092.9	2354.3	2663.5	3073.4	3246.2	3377.4	3445.4	3457.0	3430.1	3566.0	3333.2	3570.8
710.8	735.6	805.1	909.8	1041.0	1192.9	1361.4	1546.1	1748.0	1970.2	2219.6	2510.9	2880.9	3073.4	3246.2	3377.4	3445.4	3457.0	3430.1	3566.0	3333.2	3570.8
798.3	822.3	888.1	990.2	1120.7	1272.7	1444.3	1634.2	1844.4	2079.7	2351.2	2683.7	3189.4	3073.4	3246.2	3377.4	3445.4	3457.0	3430.1	3566.0	3333.2	3570.8
879.0	902.3	966.6	1067.0	1196.4	1349.6	1523.7	1719.5	1939.3	2190.6	2489.9	2891.0	3189.4	3073.4	3246.2	3377.4	3445.4	3457.0	3430.1	3566.0	3333.2	3570.8
953.4	976.2	1039.6	1138.9	1267.5	1423.1	1601.2	1803.3	2034.0	2303.8	2642.2	3209.1	3189.4	3073.4	3246.2	3377.4	3445.4	3457.0	3430.1	3566.0	3333.2	3570.8
1022.5	1044.7	1107.4	1206.0	1335.8	1492.7	1675.4	1885.0	2128.1	2421.6	2822.4	3209.1	3189.4	3073.4	3246.2	3377.4	3445.4	3457.0	3430.1	3566.0	3333.2	3570.8
1086.6	1108.5	1170.6	1268.7	1400.5	1559.0	1746.7	1964.7	2222.6	2547.5	3071.6	3209.1	3189.4	3073.4	3246.2	3377.4	3445.4	3457.0	3430.1	3566.0	3333.2	3570.8
1146.3	1167.8	1229.6	1329.0	1461.5	1623.4	1815.2	2042.8	2318.7	2687.3	3071.6	3209.1	3189.4	3073.4	3246.2	3377.4	3445.4	3457.0	3430.1	3566.0	3333.2	3570.8
1202.1	1223.3	1285.3	1385.7	1519.1	1684.7	1882.7	2120.5	2418.2	2857.0	3071.6	3209.1	3189.4	3073.4	3246.2	3377.4	3445.4	3457.0	3430.1	3566.0	3333.2	3570.8
1254.2	1275.4	1338.1	1439.1	1573.7	1743.4	1948.1	2198.1	2523.2	3158.0	3071.6	3209.1	3189.4	3073.4	3246.2	3377.4	3445.4	3457.0	3430.1	3566.0	3333.2	3570.8]*Number_of_Motors;

Motor_winding_loss_data = [0.0	3.0	11.9	26.3	45.6	69.5	97.7	130.1	167.0	208.5	254.9	306.0	361.7	422.8	489.4	561.2	638.9	724.1	816.4	967.7	1139.7	1336.8
0.0	3.0	11.9	26.3	45.6	69.5	97.7	130.1	167.0	208.5	254.9	306.0	361.7	422.8	489.4	561.2	638.9	724.1	816.4	967.7	1139.7	1336.8
0.0	3.0	11.9	26.3	45.6	69.5	97.7	130.1	167.0	208.5	254.9	306.0	361.7	422.8	489.4	561.2	638.9	724.1	816.4	967.7	1139.7	1336.8
0.0	3.0	11.9	26.3	45.6	69.5	97.7	130.1	167.0	208.5	254.9	306.0	361.7	422.8	489.4	561.2	638.9	724.1	816.4	967.7	1139.7	1336.8
0.0	3.0	11.9	26.3	45.6	69.5	97.7	130.1	167.0	208.5	254.9	306.0	361.7	422.8	489.4	561.2	638.9	724.1	816.4	967.7	1139.7	1336.8
0.0	3.0	11.9	26.3	45.6	69.5	97.7	130.1	167.0	208.5	254.9	306.0	361.7	422.8	489.4	561.2	638.9	724.1	816.4	967.7	1139.7	1336.8
0.0	3.0	11.9	26.3	45.6	69.5	97.7	130.1	167.0	208.5	254.9	306.0	361.7	422.8	489.4	561.2	638.9	724.1	816.4	967.7	1139.7	1336.8
0.0	3.0	11.9	26.3	45.6	69.5	97.7	130.1	167.0	208.5	254.9	306.0	361.7	422.8	489.4	561.2	638.9	724.1	816.4	967.7	1139.7	1336.8
0.0	3.0	11.9	26.3	45.6	69.5	97.7	130.1	167.0	208.5	254.9	306.0	361.7	422.8	489.4	561.2	638.9	724.1	816.4	967.7	1139.7	1336.8
0.0	3.0	11.9	26.3	45.6	69.5	97.7	130.1	167.0	208.5	254.9	306.0	361.7	422.8	489.4	561.2	638.9	724.1	816.4	967.7	1139.7	1336.8
0.0	3.0	11.9	26.3	45.6	69.5	97.7	130.1	167.0	208.5	254.9	306.0	361.7	422.8	489.4	561.2	638.9	724.1	816.4	967.7	1139.7	1336.8
0.0	3.0	11.9	26.3	45.6	69.5	97.7	130.1	167.0	208.5	254.9	306.0	361.7	422.8	489.4	561.2	638.9	724.1	816.4	967.7	1139.7	1336.8
0.0	3.0	11.9	26.3	45.6	69.5	97.7	130.1	167.0	208.5	254.9	306.0	361.7	422.8	489.4	561.2	638.9	724.1	816.4	967.7	1139.7	1336.8
0.0	3.0	11.9	26.3	45.6	69.5	97.7	130.1	167.0	208.5	254.9	306.0	361.7	422.8	489.4	561.2	638.9	724.1	816.4	967.7	1139.7	1336.8
0.0	3.0	11.9	26.3	45.6	69.5	97.7	130.1	167.0	208.5	254.9	306.0	361.7	422.8	489.4	561.2	640.1	727.2	824.5	990.8	1191.1	1336.8
0.0	3.0	11.9	26.3	45.6	69.5	97.7	130.1	167.0	208.5	255.1	307.6	366.4	432.6	506.1	588.5	680.4	784.1	901.2	1111.8	1191.1	1336.8
0.0	3.0	11.9	26.3	45.6	69.5	97.8	131.5	171.0	216.8	269.1	328.5	395.4	470.9	556.0	652.2	761.9	888.4	1038.3	1333.8	1191.1	1336.8
0.0	3.0	11.9	26.4	46.6	72.7	104.7	143.0	187.6	239.0	297.8	364.7	440.7	527.2	626.0	740.3	874.6	1037.9	1249.9	1333.8	1191.1	1336.8
1.6	4.9	14.9	31.4	54.3	83.7	119.7	162.3	212.1	269.5	335.3	410.6	496.9	596.5	712.9	852.1	1025.8	1266.4	1249.9	1333.8	1191.1	1336.8
9.1	12.9	23.9	42.2	67.6	100.1	139.7	186.8	241.7	305.3	378.6	463.3	561.7	677.7	818.0	996.8	1259.2	1266.4	1249.9	1333.8	1191.1	1336.8
21.0	25.1	37.1	57.0	84.6	119.9	163.1	214.5	274.7	344.8	426.3	521.6	634.7	772.4	949.5	1217.8	1259.2	1266.4	1249.9	1333.8	1191.1	1336.8
35.7	40.1	53.0	74.3	104.0	142.0	188.6	244.3	310.0	387.0	477.6	585.5	717.0	886.4	1139.3	1217.8	1259.2	1266.4	1249.9	1333.8	1191.1	1336.8
52.1	56.8	70.4	93.2	124.8	165.5	215.6	275.7	347.0	431.5	532.4	655.3	812.5	1038.4	1139.3	1217.8	1259.2	1266.4	1249.9	1333.8	1191.1	1336.8
69.6	74.5	89.0	113.0	146.6	189.9	243.3	307.9	385.2	477.9	590.8	733.4	929.9	1038.4	1139.3	1217.8	1259.2	1266.4	1249.9	1333.8	1191.1	1336.8
87.6	92.8	107.8	133.1	168.7	214.5	271.5	340.8	424.5	526.4	653.8	823.1	1105.8	1038.4	1139.3	1217.8	1259.2	1266.4	1249.9	1333.8	1191.1	1336.8
105.7	111.2	127.1	153.6	191.0	239.4	299.7	373.9	464.6	577.2	722.7	935.5	1105.8	1038.4	1139.3	1217.8	1259.2	1266.4	1249.9	1333.8	1191.1	1336.8
123.8	129.5	146.2	173.9	212.9	264.2	328.3	407.6	505.9	630.9	801.2	1117.4	1105.8	1038.4	1139.3	1217.8	1259.2	1266.4	1249.9	1333.8	1191.1	1336.8
141.6	147.6	164.9	193.8	234.9	288.6	356.7	441.5	548.4	688.5	897.8	1117.4	1105.8	1038.4	1139.3	1217.8	1259.2	1266.4	1249.9	1333.8	1191.1	1336.8
159.1	165.2	183.3	213.3	256.5	312.6	384.7	475.6	592.2	752.1	1037.4	1117.4	1105.8	1038.4	1139.3	1217.8	1259.2	1266.4	1249.9	1333.8	1191.1	1336.8
176.1	182.4	201.1	232.6	277.5	336.7	412.5	509.9	638.0	825.0	1037.4	1117.4	1105.8	1038.4	1139.3	1217.8	1259.2	1266.4	1249.9	1333.8	1191.1	1336.8
192.7	199.1	218.5	251.5	298.1	360.3	440.5	544.9	686.8	916.7	1037.4	1117.4	1105.8	1038.4	1139.3	1217.8	1259.2	1266.4	1249.9	1333.8	1191.1	1336.8
208.7	215.4	235.6	269.7	318.0	383.4	468.4	580.7	739.7	1087.4	1037.4	1117.4	1105.8	1038.4	1139.3	1217.8	1259.2	1266.4	1249.9	1333.8	1191.1	1336.8]*Number_of_Motors;

Motor_iron_loss_data=[12	12	13	14	15	16	17	17	17.41	17.98	18.50	19.03	19.62	20.37	20.86	21.28	21.93	22.59	22.96	23.54	24.50	25.14
25	25	27	29	31	32	33	34	34.89	36.04	37.09	38.17	39.36	40.87	41.86	42.70	44.02	45.36	46.11	47.29	47.85	50.54
50	50	55	59	62	65	67	69	71	73	76	78	80	83	85	87	90	93	94	97	101	103
78	78	84	90	95	100	103	106	109	113	116	119	123	128	131	134	138	142	145	149	155	159
107	107	115	124	130	136	141	145	149	154	159	163	168	175	179	183	189	195	199	204	213	219
137	137	148	158	167	174	180	186	191	197	203	209	216	225	230	235	243	250	255	262	274	282
169	169	183	195	205	214	222	228	234	243	250	258	266	277	284	290	299	309	315	324	338	348
203	203	219	233	245	255	265	273	280	290	299	308	318	331	340	347	358	370	377	388	405	418
239	239	257	273	287	299	310	319	328	340	351	361	373	388	398	407	420	434	442	456	476	491
276	276	296	315	331	344	357	368	378	392	404	417	430	448	460	470	485	501	511	526	550	568
316	316	338	358	376	391	405	418	430	446	460	474	490	510	523	535	553	571	583	600	628	648
356	356	381	404	423	440	456	471	484	502	518	534	552	575	590	603	624	644	657	678	709	732
399	399	426	451	472	490	478	509	540	560	578	597	617	642	659	674	697	720	735	758	793	819
421	421	449	475	497	516	536	552	569	590	609	629	650	677	695	711	735	759	775	799	837	864
478	478	508	537	562	584	605	625	643	668	690	712	736	766	787	805	826	846	861	887	920	864
538	538	569	610	630	654	678	700	721	748	772	786	802	819	837	857	880	906	935	991	920	864
598	598	618	678	710	735	737	762	771	784	801	821	844	869	898	930	968	1011	1064	1165	920	864
665	665	704	741	758	770	782	794	808	825	848	877	909	945	987	1035	1091	1159	1266	1165	920	864
705	705	738	765	786	804	821	838	857	880	912	951	994	1044	1100	1168	1251	1362	1491	1165	920	864
735	735	766	796	822	846	868	890	915	946	988	1039	1095	1160	1238	1333	1467	1685	1491	1165	920	864
780	780	806	838	867	895	923	951	981	1022	1076	1140	1213	1297	1404	1553	1826	1685	1491	1165	920	864
833	833	857	888	920	952	984	1017	1056	1108	1176	1254	1346	1460	1616	1924	1826	1685	1491	1165	920	864
890	890	915	946	980	1015	1052	1091	1139	1204	1286	1382	1500	1657	1958	1924	1826	1685	1491	1165	920	864
952	952	976	1009	1045	1084	1125	1171	1230	1310	1408	1526	1679	1942	1958	1924	1826	1685	1491	1165	920	864
1018	1018	1043	1076	1115	1158	1203	1257	1330	1425	1542	1689	1905	1942	1958	1924	1826	1685	1491	1165	920	864
1088	1088	1113	1148	1190	1236	1288	1351	1439	1551	1690	1879	2324	1942	1958	1924	1826	1685	1491	1165	920	864
1162	1162	1188	1225	1269	1320	1378	1454	1557	1687	1857	2126	2324	1942	1958	1924	1826	1685	1491	1165	920	864
1239	1239	1267	1305	1353	1408	1475	1564	1684	1837	2049	2729	2324	1942	1958	1924	1826	1685	1491	1165	920	864
1320	1320	1349	1390	1441	1502	1578	1682	1821	2002	2285	2729	2324	1942	1958	1924	1826	1685	1491	1165	920	864
1405	1405	1436	1479	1533	1601	1689	1809	1968	2187	2750	2729	2324	1942	1958	1924	1826	1685	1491	1165	920	864
1494	1494	1526	1572	1631	1706	1806	1944	2128	2401	2750	2729	2324	1942	1958	1924	1826	1685	1491	1165	920	864
1586	1586	1620	1669	1733	1817	1931	2087	2301	2680	2750	2729	2324	1942	1958	1924	1826	1685	1491	1165	920	864]*Number_of_Motors;

Mot_loss_data = Motor_iron_loss_data + Motor_winding_loss_data;

Drive_input_resist_loss_table=[0.0	0.0	0.0	0.0	0.0	0.0	0.0	0.1	0.1	0.1	0.1	0.1	0.2	0.2	0.2	0.3	0.3	0.4	0.4	0.5	0.6	0.8
0.0	0.0	0.0	0.0	0.0	0.1	0.1	0.1	0.2	0.2	0.3	0.3	0.4	0.5	0.6	0.7	0.8	0.9	1.0	1.2	1.5	1.7
0.0	0.0	0.0	0.1	0.1	0.2	0.3	0.4	0.5	0.7	0.9	1.0	1.2	1.5	1.7	2.0	2.3	2.6	3.0	3.5	4.2	4.9
0.0	0.0	0.1	0.2	0.3	0.4	0.6	0.8	1.1	1.4	1.7	2.1	2.5	3.0	3.5	4.0	4.6	5.3	6.0	7.1	8.4	9.8
0.0	0.0	0.1	0.3	0.5	0.7	1.0	1.4	1.9	2.4	2.9	3.6	4.3	5.1	5.9	6.8	7.8	8.9	10.1	12.0	14.2	16.5
0.0	0.0	0.2	0.4	0.7	1.1	1.6	2.2	2.8	3.6	4.5	5.4	6.5	7.7	9.0	10.4	12.0	13.6	15.4	18.4	21.7	25.3
0.0	0.1	0.3	0.6	1.0	1.5	2.2	3.1	4.0	5.1	6.3	7.7	9.3	11.0	12.8	14.9	17.1	19.5	22.0	26.3	31.0	36.2
0.0	0.1	0.3	0.8	1.3	2.1	3.0	4.1	5.4	6.9	8.6	10.5	12.6	14.9	17.4	20.2	23.2	26.5	30.0	35.8	42.3	49.5
0.0	0.1	0.4	1.0	1.7	2.7	3.9	5.3	7.0	9.0	11.2	13.6	16.4	19.4	22.8	26.4	30.4	34.7	39.4	47.1	55.7	65.4
0.0	0.1	0.6	1.2	2.2	3.4	4.9	6.8	8.9	11.4	14.1	17.3	20.8	24.7	29.0	33.7	38.8	44.3	50.4	60.3	71.5	84.0
0.0	0.2	0.7	1.5	2.7	4.2	6.1	8.3	11.0	14.0	17.5	21.4	25.8	30.7	36.0	41.9	48.3	55.4	63.0	75.6	89.8	105.8
0.0	0.2	0.8	1.8	3.2	5.1	7.4	10.1	13.3	17.0	21.3	26.1	31.5	37.4	44.0	51.3	59.2	67.9	77.4	93.1	111.0	131.1
0.0	0.3	1.0	2.2	3.8	6.0	8.8	12.0	15.9	20.4	25.5	31.3	37.7	45.0	53.0	61.8	71.5	82.1	93.7	113.1	135.2	160.2
0.0	0.3	1.1	2.3	4.2	6.6	9.5	13.1	17.3	22.2	27.8	34.1	41.1	49.1	57.8	67.5	78.2	89.9	102.7	124.1	148.6	176.4
0.0	0.3	1.3	2.8	5.1	8.0	11.6	15.9	21.1	27.0	33.9	41.7	50.4	60.2	71.1	83.2	96.6	111.3	127.5	154.9	186.5	176.4
0.0	0.4	1.5	3.4	6.0	9.5	13.8	19.1	25.3	32.5	40.8	50.2	60.9	72.9	86.3	101.2	117.8	136.3	156.8	191.9	186.5	176.4
0.0	0.5	1.8	4.0	7.1	11.2	16.3	22.5	29.9	38.5	48.4	59.8	72.7	87.2	103.6	122.0	142.5	165.5	191.4	236.5	186.5	176.4
0.0	0.6	2.1	4.6	8.3	13.0	19.0	26.3	35.0	45.2	57.0	70.5	86.0	103.5	123.3	145.7	171.0	199.7	232.5	236.5	186.5	176.4
0.0	0.6	2.4	5.3	9.5	15.0	22.0	30.5	40.6	52.6	66.5	82.5	100.8	121.8	145.7	172.9	204.0	240.0	232.5	236.5	186.5	176.4
0.0	0.7	2.7	6.1	10.9	17.3	25.3	35.1	46.8	60.7	77.0	95.8	117.4	142.3	171.0	204.0	242.8	240.0	232.5	236.5	186.5	176.4
0.0	0.9	3.1	6.9	12.4	19.7	28.8	40.1	53.6	69.7	88.5	110.4	135.9	165.4	199.7	240.3	242.8	240.0	232.5	236.5	186.5	176.4
0.0	1.0	3.5	7.9	14.0	22.2	32.7	45.5	61.0	79.4	101.1	126.6	156.4	191.3	232.8	240.3	242.8	240.0	232.5	236.5	186.5	176.4
0.0	1.1	4.0	8.8	15.8	25.0	36.8	51.3	68.9	90.0	114.9	144.4	179.2	220.6	232.8	240.3	242.8	240.0	232.5	236.5	186.5	176.4
0.0	1.3	4.5	9.9	17.6	28.0	41.2	57.6	77.5	101.4	130.0	164.0	204.6	220.6	232.8	240.3	242.8	240.0	232.5	236.5	186.5	176.4
0.0	1.4	5.0	11.0	19.6	31.1	45.9	64.3	86.7	113.9	146.5	185.6	233.6	220.6	232.8	240.3	242.8	240.0	232.5	236.5	186.5	176.4
0.0	1.6	5.5	12.1	21.7	34.5	50.9	71.5	96.7	127.4	164.4	209.7	233.6	220.6	232.8	240.3	242.8	240.0	232.5	236.5	186.5	176.4
0.0	1.7	6.1	13.3	23.9	38.1	56.3	79.2	107.4	141.9	184.1	237.0	233.6	220.6	232.8	240.3	242.8	240.0	232.5	236.5	186.5	176.4
0.0	1.9	6.7	14.6	26.2	41.8	62.0	87.4	118.9	157.7	205.7	237.0	233.6	220.6	232.8	240.3	242.8	240.0	232.5	236.5	186.5	176.4
0.1	2.1	7.3	16.0	28.7	45.8	68.0	96.1	131.2	174.8	229.9	237.0	233.6	220.6	232.8	240.3	242.8	240.0	232.5	236.5	186.5	176.4
0.1	2.3	7.9	17.4	31.3	50.0	74.4	105.5	144.4	193.3	229.9	237.0	233.6	220.6	232.8	240.3	242.8	240.0	232.5	236.5	186.5	176.4
0.1	2.5	8.6	18.9	34.0	54.4	81.2	115.4	158.6	213.7	229.9	237.0	233.6	220.6	232.8	240.3	242.8	240.0	232.5	236.5	186.5	176.4
0.1	2.7	9.3	20.5	36.8	59.1	88.4	126.0	173.9	236.8	229.9	237.0	233.6	220.6	232.8	240.3	242.8	240.0	232.5	236.5	186.5	176.4]*Number_of_Motors;

Motor_phase_current_table=[0.0	21.4	42.4	63.0	83.0	102.4	121.4	140.1	158.7	177.3	196.1	214.8	233.6	252.5	271.7	291.0	310.4	330.5	350.9	382.1	414.6	449.1
0.0	21.4	42.4	63.0	83.0	102.4	121.4	140.1	158.7	177.3	196.1	214.8	233.6	252.5	271.7	291.0	310.4	330.5	350.9	382.1	414.6	449.1
0.0	21.4	42.4	63.0	83.0	102.4	121.4	140.1	158.7	177.3	196.1	214.8	233.6	252.5	271.7	291.0	310.4	330.5	350.9	382.1	414.6	449.1
0.0	21.4	42.4	63.0	83.0	102.4	121.4	140.1	158.7	177.3	196.1	214.8	233.6	252.5	271.7	291.0	310.4	330.5	350.9	382.1	414.6	449.1
0.0	21.4	42.4	63.0	83.0	102.4	121.4	140.1	158.7	177.3	196.1	214.8	233.6	252.5	271.7	291.0	310.4	330.5	350.9	382.1	414.6	449.1
0.0	21.4	42.4	63.0	83.0	102.4	121.4	140.1	158.7	177.3	196.1	214.8	233.6	252.5	271.7	291.0	310.4	330.5	350.9	382.1	414.6	449.1
0.0	21.4	42.4	63.0	83.0	102.4	121.4	140.1	158.7	177.3	196.1	214.8	233.6	252.5	271.7	291.0	310.4	330.5	350.9	382.1	414.6	449.1
0.0	21.4	42.4	63.0	83.0	102.4	121.4	140.1	158.7	177.3	196.1	214.8	233.6	252.5	271.7	291.0	310.4	330.5	350.9	382.1	414.6	449.1
0.0	21.4	42.4	63.0	83.0	102.4	121.4	140.1	158.7	177.3	196.1	214.8	233.6	252.5	271.7	291.0	310.4	330.5	350.9	382.1	414.6	449.1
0.0	21.4	42.4	63.0	83.0	102.4	121.4	140.1	158.7	177.3	196.1	214.8	233.6	252.5	271.7	291.0	310.4	330.5	350.9	382.1	414.6	449.1
0.0	21.4	42.4	63.0	83.0	102.4	121.4	140.1	158.7	177.3	196.1	214.8	233.6	252.5	271.7	291.0	310.4	330.5	350.9	382.1	414.6	449.1
0.0	21.4	42.4	63.0	83.0	102.4	121.4	140.1	158.7	177.3	196.1	214.8	233.6	252.5	271.7	291.0	310.4	330.5	350.9	382.1	414.6	449.1
0.0	21.4	42.4	63.0	83.0	102.4	121.4	140.1	158.7	177.3	196.1	214.8	233.6	252.5	271.7	291.0	310.4	330.5	350.9	382.1	414.6	449.1
0.0	21.4	42.4	63.0	83.0	102.4	121.4	140.1	158.7	177.3	196.1	214.8	233.6	252.5	271.7	291.0	310.4	330.5	350.9	382.1	414.6	449.1
0.0	21.4	42.4	63.0	83.0	102.4	121.4	140.1	158.7	177.3	196.1	214.8	233.6	252.5	271.7	291.0	310.7	331.2	352.7	386.6	423.9	449.1
0.0	21.4	42.4	63.0	83.0	102.4	121.4	140.1	158.7	177.3	196.2	215.4	235.1	255.4	276.3	297.9	320.4	343.9	368.7	409.5	423.9	449.1
0.0	21.4	42.4	63.0	83.0	102.4	121.4	140.8	160.6	180.8	201.5	222.6	244.2	266.5	289.6	313.6	339.0	366.1	395.7	448.6	423.9	449.1
0.0	21.4	42.4	63.1	83.8	104.7	125.7	146.8	168.2	189.9	211.9	234.6	257.8	282.0	307.3	334.2	363.2	395.7	434.2	448.6	423.9	449.1
15.3	27.2	47.3	68.8	90.5	112.4	134.4	156.5	178.9	201.6	224.9	248.9	273.8	300.0	327.9	358.5	393.4	437.1	434.2	448.6	423.9	449.1
37.1	44.0	60.1	79.8	101.0	122.9	145.2	167.8	190.9	214.6	239.0	264.4	291.1	319.7	351.3	387.8	435.8	437.1	434.2	448.6	423.9	449.1
56.3	61.5	74.8	92.7	113.0	134.5	156.9	179.9	203.6	228.1	253.6	280.5	309.4	341.3	378.5	428.6	435.8	437.1	434.2	448.6	423.9	449.1
73.4	77.8	89.4	105.9	125.3	146.4	168.7	192.0	216.2	241.6	268.4	297.2	328.9	365.7	414.5	428.6	435.8	437.1	434.2	448.6	423.9	449.1
88.7	92.5	103.1	118.5	137.2	158.0	180.3	203.9	228.8	255.1	283.4	314.4	350.1	395.8	414.5	428.6	435.8	437.1	434.2	448.6	423.9	449.1
102.5	106.0	115.9	130.6	148.7	169.2	191.6	215.5	241.1	268.5	298.5	332.6	374.5	395.8	414.5	428.6	435.8	437.1	434.2	448.6	423.9	449.1
114.9	118.3	127.5	141.7	159.5	179.9	202.4	226.7	253.1	281.8	314.1	352.4	408.4	395.8	414.5	428.6	435.8	437.1	434.2	448.6	423.9	449.1
126.3	129.5	138.5	152.2	169.7	190.0	212.6	237.5	264.7	295.1	330.2	375.7	408.4	395.8	414.5	428.6	435.8	437.1	434.2	448.6	423.9	449.1
136.6	139.8	148.5	162.0	179.2	199.6	222.5	248.0	276.3	308.5	347.7	410.5	408.4	395.8	414.5	428.6	435.8	437.1	434.2	448.6	423.9	449.1
146.1	149.2	157.7	171.0	188.2	208.6	231.9	258.1	287.6	322.3	368.0	410.5	408.4	395.8	414.5	428.6	435.8	437.1	434.2	448.6	423.9	449.1
154.9	157.9	166.3	179.4	196.7	217.2	240.9	267.8	298.9	336.8	395.6	410.5	408.4	395.8	414.5	428.6	435.8	437.1	434.2	448.6	423.9	449.1
163.0	165.9	174.2	187.3	204.6	225.4	249.4	277.3	310.2	352.8	395.6	410.5	408.4	395.8	414.5	428.6	435.8	437.1	434.2	448.6	423.9	449.1
170.5	173.3	181.6	194.8	212.0	233.1	257.8	286.7	321.9	371.9	395.6	410.5	408.4	395.8	414.5	428.6	435.8	437.1	434.2	448.6	423.9	449.1
177.4	180.2	188.5	201.7	219.0	240.5	265.8	296.0	334.0	405.0	395.6	410.5	408.4	395.8	414.5	428.6	435.8	437.1	434.2	448.6	423.9	449.1]*Number_of_Motors;

%Inverter Semiconductor Drive Loss Calculations

switch Inverter_Type
   
    case 'Full_SiC_1200V'
        x= (Motor_phase_current_table)/2;
        Drive_semiconductor_loss_data =0.0323.*(x).^2 - 0.1680.*(x) + 16.9552;

    case 'Hyb_SiC_1200V'
        x= (Motor_phase_current_table)/2;
        Drive_semiconductor_loss_data =0.0071.*(x).^2 + 5.0861.*(x) + 3.7467;
               
    case 'IGBT_1200V'
        x=(Motor_phase_current_table)/2;
        Drive_semiconductor_loss_data = 0.0060*(x).^2 + 8.6460.*(x) + 20.0266;
        
        case 'IGBT_600V'
        x=Motor_phase_current_table;
        Drive_semiconductor_loss_data = 0.0175*(x).^2 + 10.8240.*(x) +24.6761;
end
